18498707	:773320, {678959,14513106,9059038,7762628}, 2.0755475437114203E-7
18498707	:2909667, {678959,14513106,7762628}, 1.4013210066286688E-7
18498707	:36329, {7762628,14513106}, 1.0790376753557614E-7
25578707	:6539598, {19697421,14824855,16303112,112508246}, 1.2453958881573467E-7
25578707	:7093358, {16303112,14824855,112508246,1046667}, 1.224287626054567E-7
25578707	:821199, {16303112,14824855,112508246}, 1.1363678116544594E-7
117388707	:17658792, {6519528,813292,30313931,110375558,113420837,106496571,108506688,108508334,108738283,133769089,133379718,69281033,76945890,67232754,73050522,19006713,11348288,15647682,15649439,14159154,17001441,14503322,14856957,52528988,58451375,58743819,59062381,35618002,36414483,35727271,36683674,47616077,44309600,47279531,44615678,15780756,17481642,18714848,742149,494252917,23664872,23946677,24511462,21645310,61442217,61426544,61162531,49276940,20593895,19738807,19981042,19912980,16273837,18212358,18038898,9624748,77445273,82306952,78558372,82282578,77951186,78489448,7152578,19664724,19542313,31639629,33669921,33509148,64954762,64403851,91046602,92291389,90410359,157947395,266008963,188591881,182360376,208469697,118704353,120176956,249677522,258972719,178978119,172814402,177553373,163910499,369505843,127512816,131031885,128594355,39764035,86029235,85867676,88956379,97190501}, 7.034566914000065E-7
117388707	:17001441, {30313931,113420837,108738283,108508334,106496571,110375558,19006713,133769089,133379718,67232754,69281033,76945890,73050522,7152578,9624748,19664724,64403851,64954762,33509148,33669921,31639629,90410359,92291389,91046602,18038898,18212358,82306952,82282578,78489448,77951186,78558372,77445273,11348288,15649439,15647682,14503322,14159154,14856957,6519528,813292,742149,86029235,85867676,88956379,97190501,127512816,131031885,128594355,39764035,16273837,21645310,20593895,49276940,24511462,23946677,23664872,19981042,19912980,19738807,61442217,61162531,61426544,47279531,44615678,44309600,47616077,18714848,15780756,58451375,52528988,59062381,17481642,36414483,35727271,36683674,35618002,266008963,208469697,120176956,118704353,369505843,249677522,258972719,157947395,188591881,182360376,163910499,172814402,178978119,177553373}, 6.696923964420046E-7
117388707	:15780756, {813292,30313931,113420837,108738283,108508334,110375558,108506688,106496571,69281033,73050522,67232754,76945890,19006713,133379718,133769089,742149,17481642,58743819,59062381,58451375,52528988,36683674,35618002,35727271,36414483,44615678,44309600,47279531,47616077,18714848,20593895,21645310,49276940,24511462,23946677,23664872,19738807,19981042,19912980,61442217,61162531,61426544,39764035,97190501,85867676,88956379,86029235,128594355,131031885,127512816,15647682,15649439,11348288,14856957,14159154,17001441,172814402,178978119,163910499,177553373,208469697,118704353,369505843,157947395,266008963,249677522,258972719,182360376,188591881,9624748,7152578,92291389,91046602,90410359,19664724,18038898,18212358,77951186,78558372,82282578,78489448,82306952,77445273,33669921,33509148,31639629,64403851,64954762}, 6.608125929854368E-7
307478707	:62109, {32135710,26257172,13213128,261074213,14885866}, 1.625800486036957E-8
307478707	:41509148, {26257172,2557527,32765540,32135710,19426557}, 1.432714634621234E-8
307478707	:51263598, {2557527,32135710,32765540,19426557,26257172}, 1.3937581378053271E-8
