101877975660448088707	:116780889332453380140, {100972223169596251967,102638191745753164063,108373054660269328919,101550491289025468870,115097859400552969737,109431899716413562512}, 0.16216216216216217
101877975660448088707	:109565531665669537977, {100972223169596251967,105473557341367536650,102638191745753164063,117593496713159306165,110385681616478345963}, 0.16129032258064516
101877975660448088707	:117888233045202400417, {105473557341367536650,100972223169596251967,117593496713159306165,109146002063561258874,102638191745753164063,101885213279476407823,114248789033154861902,109431899716413562512,108373054660269328919,115097859400552969737}, 0.15625
101877975660448088707	:103396020916288393634, {108373054660269328919,110385681616478345963,109431899716413562512,117593496713159306165,102638191745753164063,105241256005026558591,117054813244844825026}, 0.14893617021276595
102108625619739868707	:103804737747482287595, {101149790069455088286,102717421433762219481,106422711035746240833,108189587050871927626,103073491679741548304,111930343403502205059,115474229489284556714,112771323377266882686,106258380218567160284,103125970510649691211,115515252844412246894,109216170916494348723,104558253096863947788,105037104815911535960,102034052532213921846,110107698878563510929,110255193504699698349,116626367309939192330,103334611312899628094,109524702084450613382,116059998563577101559,101616131029261770405,103354693083460731610,109147099159025717839,116886129421619920925,100180575185522802907}, 0.18181818181818182
102108625619739868707	:105716316100591540262, {104437754419996754786,109824807810200422771,106641576811513429429,108249232416813189692,109404491328800973702,101174951617223562807,103073491679741548304,109283284891179095023,113735310430199015099,105541557736879337565,109524702084450613382,116059998563577101559,105037104815911535960,112600205125796554595,103354693083460731610,113364856660738964005,106258380218567160284,109735868860370294412,110255193504699698349,118075919496626375798,111930343403502205059,106356964679457437002,109213463086683318539,101149790069455088286}, 0.15483870967741936
102108625619739868707	:103334611312899628094, {100535338638690515342,115474229489284556714,118207880179234484617,102717421433762219481,101149790069455088286,106422711035746240833,106258380218567160284,109735868860370294412,109283284891179095023,103073491679741548304,108189587050871927626,102034052532213921846,116886129421619920925,113735310430199015099,105831704374179338123,104047378152483720732,100180575185522802907,105541557736879337565,109824807810200422771,115515252844412246894,114484815067147880059,102579928162855977219,109813896768294978303,101616131029261770405,103354693083460731610,110255193504699698349,116626367309939192330,109524702084450613382,112600205125796554595}, 0.1518324607329843
102108625619739868707	:103681029286159969307, {103354693083460731610,109813896768294978303,101616131029261770405,109147099159025717839,110634877589748180450,110107698878563510929,106356964679457437002,109213463086683318539,101149790069455088286,118207880179234484617,112600205125796554595,105037104815911535960,115515252844412246894,112771323377266882686,116626367309939192330,109524702084450613382,116059998563577101559,102034052532213921846,108249232416813189692,116886129421619920925,104047378152483720732,113735310430199015099,108189587050871927626,111930343403502205059,107033731246200681031,115474229489284556714,106258380218567160284}, 0.15168539325842698
103200386324523658707	:116304446406743623130, {104560124403688998130,107940613488592745016}, 0.16666666666666666
103200386324523658707	:107059122075811840426, {104560124403688998130,107940613488592745016}, 0.14285714285714285
103200386324523658707	:117503370035998183213, {104560124403688998130,107940613488592745016}, 0.14285714285714285
103200386324523658707	:118260465081908288293, {104560124403688998130,114989358912013434562}, 0.125
110715095928031808707	:114590717897717187485, {113718269858549593086,116426018234598080082,113397391314808142377,115049735125827192234,111875665525715264613,110814750979235028568,115895618107840963558,114820480752300993897,108584940222628465197,100578202127502407110,103753246154433626800,116429435802395645602,106247049058205465708,100163238332537499590,112373237775458072009,104145159340267405226,106951987054299687353,104472648636466535478,107520568772200234214,113435302917113419967,117804484225868285861,101872053529554144352,105040058487223563359,108055614721877801906,117359612091376902625,107188788248244608960,106407292572142932917,101010784922652715019}, 0.10606060606060606
110715095928031808707	:115599601881370161920, {116426018234598080082,113718269858549593086,103458647163810854709,104145159340267405226,100163238332537499590,112373237775458072009,102349987850176560767,118269406419478362903,106202342569754356874,108584940222628465197,103429825907085420708,105093931597417731658,107188788248244608960,116429435802395645602,115592034719992693966,114822593626242568956,117804484225868285861,113435302917113419967,113991510450146807429,102000765766827851357,105613252741181373606,100578202127502407110,111875665525715264613,106407292572142932917,101010784922652715019,100534386183913201796,103049373110021341274}, 0.09926470588235294
110715095928031808707	:112269775811709161986, {118122556596388698594,105237212888595777026,110023904208758175749,112292414198276054105,115695578304416858666,107120385844936556538,102122012748196677496,101111725148957537944,106600962597764825752,113102862520765968593,113210096909000624344,109895887909967698712,105144963864645396994,117198316664830078870,116420972797550666139,103861741370066605534,100974258168375166698,114820480752300993897,113097276181543898581,117697379995591819348,105508660898837488937,114274687956791581930,108285296632855004178,118147897097670149368,104279107049574225563,108729164162563480440,104799160568450312853,107738139256801286428,103637162978776725639,102600774742322762233,102533732658641069179,101482635367518865552,113959435258864431400,118107045405823607902,105756423183388339729}, 0.09722222222222222
110715095928031808707	:117690926606277057266, {114245534338887342716,105093931597417731658,105489065160959389682,112622420762576522136,115854718917136776960,118147897097670149368,105168276680128924520,107066609145001672629,101482635367518865552,118107045405823607902,107252020925742571259,103958441795544241160,106237697616959334125,110023904208758175749,117951052831974893969,102393079978161767139,113882100233272026660,110834083330330746179,114820480752300993897,104799160568450312853,107738139256801286428,104279107049574225563,108729164162563480440,104672614700283598137}, 0.08108108108108109
111360564525526218707	:115124440650414300595, {102430203479378160638}, 1.0
111360564525526218707	:114923296774156115439, {102430203479378160638}, 1.0
111360564525526218707	:111736405112756618471, {102430203479378160638}, 0.3333333333333333
111360564525526218707	:117839057504369757545, {102430203479378160638}, 0.3333333333333333
118082806863266758707	:118109751794658508592, {102150693225130002919}, 0.14285714285714285
118082806863266758707	:118094233569925092212, {102150693225130002919}, 0.08333333333333333
118082806863266758707	:118146682064597320987, {102150693225130002919}, 0.07692307692307693
118082806863266758707	:118168425931104247072, {102150693225130002919}, 0.07142857142857142