746.64021658,188.66679332,-574.95180943,340.26049589,-296.61432889,256.47764574,-112.49284993,258.56428492
-232.50361810,-692.02030634,21.87269231,333.75344541,-192.59117105,-199.50101231,361.40548192,205.81813318
1131.88029297,229.18504658,209.13587131,-21.53215475,-650.00375098,-277.35706623,130.21958880,-316.33833433
-713.62135982,202.24869166,52.60690302,-40.12078880,-268.55315377,221.22050655,178.32422186,-128.54217594
199.08862490,432.96264472,574.89291269,221.98336762,184.94085391,72.26098878,-75.59799777,96.04511344
-89.93525217,-197.10914708,-292.44981484,429.63241239,258.72250333,-83.96488721,-76.71398285,-254.45587893
207.39174224,-14.05237243,-323.31924160,-485.00368864,269.15551559,603.27454391,129.58290518,-101.79626988
241.93837851,241.20581468,-249.46757459,-553.24801461,311.88404971,-337.62357489,162.69380484,180.19357235
7.11609899,-600.10443530,290.14468045,-256.39927382,39.25225096,-4.90235232,-273.95980765,72.24557183
-621.09515703,429.43396684,-296.18070436,-72.60402487,-72.66992973,-334.53743166,-227.89429431,20.18979618
