67.11323486,232.25598212,-124.62937264,491.09625672,361.22815202,-119.33111810,-106.43923469,-166.02728621,-158.13507607,144.70032528,-46.30222526,8.52198445,-155.28183298,-19.42869477,17.33914607,-14.92513465
-198.03701806,-619.60901960,299.25826244,111.20953078,50.23920722,110.26649132,-49.45493034,81.31626432,-2.76073964,221.01097457,149.48108385,69.12353368,24.49956954,-51.98989967,-45.52506154,8.65425731
810.35191987,171.42456435,-587.22758432,325.11272335,-341.30444883,262.83042788,-94.43773808,234.00098208,135.11518265,60.03422760,51.77931475,6.04355217,84.08431787,48.68959032,0.43266159,15.89077884
-721.54469021,235.89140484,50.69685960,-48.25606337,-271.94218115,252.08834482,202.89685558,-130.56398415,-57.67884288,100.89897464,-180.80892275,120.88505249,2.04916598,-4.32346905,73.48877952,40.05370271
218.00375158,450.48954525,631.73964264,137.19893799,128.89345203,85.74180091,-46.45429042,112.81693130,13.73691215,-214.73131586,-68.31447975,-49.12670168,21.04141619,-0.67132775,-34.28571985,-23.61331646
-242.89504002,-534.59157052,-304.41373697,290.30349718,-54.63263011,-212.79005542,131.35981954,-40.54601253,-23.20836957,-327.86735206,-17.67970080,-40.23700192,49.65264381,9.16062428,-29.58001370,-47.79839732
235.15277567,-526.07776983,249.88368815,-561.94765722,-33.86881367,-146.83888025,-199.79203295,96.22383786,163.39227608,23.65766330,-116.93211928,12.38098116,-56.12596998,78.29769484,105.31720995,45.65612485
205.32329196,111.00323691,-354.65291869,-503.58914989,298.57076514,200.58407784,118.68779592,53.35104143,-130.98903034,16.26616575,4.30283091,-68.41633810,40.26002071,-0.17682258,-80.15336657,26.38252635
1138.31300728,241.14760066,222.61861017,-33.17452713,-654.74514172,-295.07683693,138.93691431,-329.37242023,16.31435939,108.07576493,104.34590061,50.58075202,61.22222658,-109.05880174,5.68767310,-13.54633406
-675.23260023,470.69342606,-258.01312520,-126.09232375,-87.75627931,-333.98442712,-200.53697412,4.90470861,231.07827986,2.26087429,186.71133950,-66.67595727,-63.52686630,54.63852901,73.83342203,-30.78448958
