1133.59261162,235.06307459,213.62415428,-40.65639956,-664.73339397,-299.67992412,144.56800406,-326.41085323,32.84611142,114.68398090,102.53725783,61.23179128,57.97025093,-106.37692327,-3.53030322,-13.56069840,-89.19359371,-15.64061985,-31.18734799,-66.41809105,40.65828081,1.14286476,71.52171364,14.76875131,-27.87778609,9.65655491,3.83572271,-46.68869984,51.82244806,14.85338202,19.71772507,-10.13354399
-245.04425377,-628.44442047,226.78758437,187.93971881,27.36631726,98.18256363,38.74438810,57.81959683,-58.10571230,166.47696231,140.36672959,123.82908907,42.29161409,-98.27764771,-28.56111924,37.98878936,-0.37814567,19.54015163,-12.91089532,90.84272535,-60.33211249,-13.96334756,-63.22391837,74.40538231,-21.26169404,-3.12667514,-44.55199640,-1.07741172,26.08883034,6.54595909,34.09932811,-29.12170775
786.82730941,167.11129907,-587.77295721,297.84864141,-307.58386988,261.35284759,-92.93777085,235.81269914,114.54900044,55.50724284,43.92622141,-7.38550819,85.11206817,42.93309702,8.37379704,18.90436020,50.30098083,50.76067440,-31.77848837,16.41957023,-17.90352199,-25.71276237,-76.02536919,-32.66913363,-15.81382877,61.04241683,-20.47667451,82.38178201,-20.64383595,-4.97231472,-51.92909344,9.95564605
-757.92493354,260.21407172,56.68872879,-52.54411397,-289.13579373,259.12370463,232.78936366,-153.08161811,-58.73466042,104.23940465,-202.98989657,133.68106469,0.75822173,6.53123706,95.49985930,48.77871795,79.97996255,-74.22431681,-27.07576030,-71.68530876,18.27814980,18.16640395,-52.77415469,-39.60029408,28.02359961,15.87330927,53.36932157,10.14427076,-14.72041084,20.05826748,-18.03708661,14.62868980
218.05268112,445.76258115,631.38504130,143.80588022,124.30150986,87.88440869,-49.30981540,111.46252826,12.08796860,-212.23105571,-68.16800260,-53.11560766,19.14135856,1.52105043,-34.36283587,-23.56979722,53.18862331,-13.22216468,16.36314817,32.78798228,-8.07002219,10.01506209,13.11576588,38.99481067,35.36154893,-5.84726857,-3.45145712,23.07252172,21.39976865,8.45435897,6.22468349,-4.48688488
-236.73413159,-518.23405730,-340.74840476,270.01502173,-55.95934007,-231.94590089,110.70833150,-51.50765658,-8.49597429,-353.54445833,-27.96297766,-56.85503229,39.87240595,28.06862188,-34.96385437,-63.68387403,-18.99222331,-5.35176001,35.02220449,-67.74119611,21.59287045,33.63934476,62.25881887,-35.32828377,-2.80220316,-0.92621918,10.89064228,-14.74750100,11.05554368,-38.91426276,3.72798487,3.24293855
135.59137803,-594.87895643,359.87061306,-385.42287307,6.94478665,-85.51045717,-294.43518686,149.74186504,181.08552911,133.13772854,-78.38263966,-87.45969809,-12.94765343,92.73760391,63.06440986,28.97452015,5.19949660,-95.14177351,13.98259151,-67.31620709,25.37655781,13.08011367,30.73332180,-76.10914135,-28.23873343,-17.38488692,14.74862685,12.65080669,-39.18474727,17.95567882,-37.02362152,67.44993288
205.98074862,80.76938005,-297.42196190,-560.14789088,266.18555247,168.81546459,132.19132022,32.96297811,-107.13263735,-2.76172754,9.40635376,-28.22857525,13.39272671,6.11259138,-71.46245570,23.20880218,-23.71914803,40.35011203,19.37764370,11.94574984,12.44949527,-8.93804930,-10.75701976,2.31326429,34.20389974,-18.02259120,-11.07270263,-41.29700706,-11.62334251,-3.06945745,21.82958327,-21.24379258
49.64180493,228.77338713,-124.48774259,479.35900935,346.49346676,-106.85495673,-106.04261625,-162.44650834,-161.05509762,145.81045760,-45.67303233,4.94547522,-145.49277276,-23.59301777,19.10726867,-18.04105517,-47.96400020,16.25803791,2.28036209,27.87444844,-1.11582327,-33.41947997,57.23680997,-28.12717027,-20.00854469,-10.17296302,-10.11780916,-3.33178231,-40.22414938,0.12594580,-17.08661643,1.25389830
-661.36517528,453.35648687,-257.10923992,-127.74122768,-97.06100483,-305.37659665,-196.96806307,18.01769028,224.86005693,7.64130672,177.22671359,-58.64282414,-63.14686279,47.04245829,63.61210450,-38.91726389,-22.20870578,55.22140785,-29.51326332,33.45875112,-12.37750093,2.12243938,-28.11686061,46.89835240,-27.71303847,9.70213859,21.45218678,11.24681065,24.15259432,-11.46940811,2.17993998,-5.62334441
