28.44302328,229.96716177,-328.79352485,533.94743538
-341.78481336,-596.95481366,138.91946839,341.24250884
1190.61853259,226.19474479,-191.79778723,212.85865870
-488.38965183,28.16507015,100.81126685,-105.24617098
258.33442223,448.82623944,607.68276325,145.07395613
-45.25323380,-656.46273764,-395.25613160,217.51531204
435.26677636,-243.64855147,58.56385347,-781.26874599
195.27639314,160.98496572,-515.80657609,-420.94094497
38.95523617,-642.69243718,450.50747471,-188.83956888
-782.52696071,480.33892400,-150.45666614,-113.82287273
